100
2 3 2
1 1 1
2 1 2
3 2 3
2 32 2
3 4 3
6 15 6
7 7 7
14 1 14
1 2 1
8 5 8
74 7 74
2 19 2
2 2 2
77 9 77
19 4 19
34 8 34
3 22 3
100 9 100
1 64 1
1 100 1
3 1 3
45 7 45
3 5 3
86 1 86
4 4 4
15 3 15
17 5 17
1 3 1
25 7 25
26 2 26
87 4 87
35 10 35
10 18 10
2 17 2
78 9 78
10 5 10
78 4 78
43 7 43
4 1 4
100 2 100
6 19 6
9 10 9
42 6 42
4 29 4
14 7 14
4 14 4
100 1 100
3 37 3
87 3 87
100 4 100
5 8 5
2 4 2
53 5 53
1 36 1
4 15 4
53 4 53
94 1 94
2 14 2
90 4 90
76 1 76
29 5 29
90 9 90
36 5 36
2 43 2
5 5 5
1 37 1
51 1 51
2 54 2
48 8 48
4 2 4
33 6 33
100 3 100
80 8 80
98 2 98
10 8 10
10 9 10
77 1 77
58 10 58
14 15 14
13 15 13
41 10 41
39 7 39
18 7 18
3 20 3
67 1 67
3 3 3
54 8 54
1 20 1
4 3 4
8 11 8
69 1 69
2 59 2
55 4 55
28 7 28
18 4 18
22 7 22
22 2 22
1 52 1
1 4 1