100003
100019
100043
100049
100057
100069
100103
100109
100129
100151
100153
100169
100183
100189
100193
100207
100213
100237
100267
100271
100279
100291
100297
100313
100333
100343
100357
100361
100363
100379
100391
100393
100403
100411
100417
100447
100459
100469
100483
100493
100501
100511
100517
100519
100523
100537
100547
100549
100559
100591
100609
100613
100621
100649
100669
100673
100693
100699
100703
100733
100741
100747
100769
100787
100799
100801
100811
100823
100829
100847
100853
100907
100913
100927
100931
100937
100943
100957
100981
100987
100999
101009
101021
101027
101051
101063
101081
101089
101107
101111
101113
101117
101119
101141
101149
101159
101161
101173
101183
101197
101203
101207
101209
101221
101267
101273
101279
101281
101287
101293
101323
101333
101341
101347
101359
101363
101377
101383
101399
101411
101419
101429
101449
101467
101477
101483
101489
101501
101503
101513
101527
101531
101533
101537
101561
101573
101581
101599
101603
101611
101627
101641
101653
101663
101681
101693
101701
101719
101723
101737
101741
101747
101749
101771
101789
101797
101807
101833
101837
101839
101863
101869
101873
101879
101891
101917
101921
101929
101939
101957
101963
101977
101987
101999
102001
102013
102019
102023
102031
102043
102059
102061
102071
102077
102079
102101
102103
102107
102121
102139
102149
102161
102181
102191
102197
102199
102203
102217
102229
102233
102241
102251
102253
102259
102293
102299
102301
102317
102329
102337
102359
102367
102397
102407
102409
102433
102437
102451
102461
102481
102497
102499
102503
102523
102533
102539
102547
102551
102559
102563
102587
102593
102607
102611
102643
102647
102653
102667
102673
102677
102679
102701
102761
102763
102769
102793
102797
102811
102829
102841
102859
102871
102877
102881
102911
102913
102929
102931
102953
102967
102983
103001
103007
103043
103049
103067
103069
103079
103087
103091
103093
103099
103123
103141
103171
103177
103183
103217
103231
103237
103289
103291
103307
103319
103333
103349
103357
103387
103391
103393
103399
103409
103421
103423
103451
103457
103471
103483
103511
103529
103549
103553
103561
103567
103573
103577
103583
103591
103613
103619
103643
103651
103657
103669
103681
103687
103699
103703
103723
103769
103787
103801
103811
103813
103837
103841
103843
103867
103889
103903
103913
103919
103951
103963
103967
103969
103979
103981
103991
103993
103997
104003
104009
104021
104033
104047
104053
104059
104087
104089
104107
104113
104119
104123
104147
104149
104161
104173
104179
104183
104207
104231
104233
104239
104243
104281
104287
104297
104309
104311
104323
104327
104347
104369
104381
104383
104393
104399
104417
104459
104471
104473
104479
104491
104513
104527
104537
104543
104549
104551
104561
104579
104593
104597
104623
104639
104651
104659
104677
104681
104683
104693
104701
104707
104711
104717
104723
104729
104743
104759
104761
104773
104779
104789
104801
104803
104827
104831
104849
104851
104869
104879
104891
104911
104917
104933
104947
104953
104959
104971
104987
104999
105019
105023
105031
105037
105071
105097
105107
105137
105143
105167
105173
105199
105211
105227
105229
105239
105251
105253
105263
105269
105277
105319
105323
105331
105337
105341
105359
105361
105367
105373
105379
105389
105397
105401
105407
105437
105449
105467
105491
105499
105503
105509
105517
105527
105529
105533
105541
105557
105563
105601
105607
105613
105619
105649
105653
105667
105673
105683
105691
105701
105727
105733
105751
105761
105767
105769
105817
105829
105863
105871
105883
105899
105907
105913
105929
105943
105953
105967
105971
105977
105983
105997
106013
106019
106031
106033
106087
106103
106109
106121
106123
106129
106163
106181
106187
106189
106207
106213
106217
106219
106243
106261
106273
106277
106279
106291
106297
106303
106307
106319
106321
106331
106349
106357
106363
106367
106373
106391
106397
106411
106417
106427
106433
106441
106451
106453
106487
106501
106531
106537
106541
106543
106591
106619
106621
106627
106637
106649
106657
106661
106663
106669
106681
106693
106699
106703
106721
106727
106739
106747
106751
106753
106759
106781
106783
106787
106801
106823
106853
106859
106861
106867
106871
106877
106903
106907
106921
106937
106949
106957
106961
106963
106979
106993
107021
107033
107053
107057
107069
107071
107077
107089
107099
107101
107119
107123
107137
107171
107183
107197
107201
107209
107227
107243
107251
107269
107273
107279
107309
107323
107339
107347
107351
107357
107377
107441
107449
107453
107467
107473
107507
107509
107563
107581
107599
107603
107609
107621
107641
107647
107671
107687
107693
107699
107713
107717
107719
107741
107747
107761
107773
107777
107791
107827
107837
107839
107843
107857
107867
107873
107881
107897
107903
107923
107927
107941
107951
107971
107981
107999
108007
108011
108013
108023
108037
108041
108061
108079
108089
108107
108109
108127
108131
108139
108161
108179
108187
108191
108193
108203
108211
108217
108223
108233
108247
108263
108271
108287
108289
108293
108301
108343
108347
108359
108377
108379
108401
108413
108421
108439
108457
108461
108463
108497
108499
108503
108517
108529
108533
108541
108553
108557
108571
108587
108631
108637
108643
108649
108677
108707
108709
108727
108739
108751
108761
108769
108791
108793
108799
108803
108821
108827
108863
108869
108877
108881
108883
108887
108893
108907
108917
108923
108929
108943
108947
108949
108959
108961
108967
108971
108991
109001
109013
109037
109049
109063
109073
109097
109103
109111
109121
109133
109139
109141
109147
109159
109169
109171
109199
109201
109211
109229
109253
109267
109279
109297
109303
109313
109321
109331
109357
109363
109367
109379
109387
109391
109397
109423
109433
109441
109451
109453
109469
109471
109481
109507
109517
109519
109537
109541
109547
109567
109579
109583
109589
109597
109609
109619
109621
109639
109661
109663
109673
109717
109721
109741
109751
109789
109793
109807
109819
109829
109831
109841
109843
109847
109849
109859
109873
109883
109891
109897
109903
109913
109919
109937
109943
109961
109987
